0.0,0.9659227728843689,1.3841552734375,1.0264620780944824,1.014959692955017,0.9943104982376099,1.0598773956298828,1.0147594213485718,0.9659227728843689,0.0,0.9981063604354858,2.641266107559204,0.9841434955596924,1.0454905033111572,0.986053466796875,1.207718849182129,1.3841552734375,0.9981063604354858,0.0,1.0530664920806885,0.9543606042861938,1.0141514539718628,0.9170812368392944,1.0378018617630005,1.0264620780944824,2.641266107559204,1.0530664920806885,0.0,1.0222865343093872,0.9298120737075806,1.033416748046875,0.9584459066390991,1.014959692955017,0.9841434955596924,0.9543606042861938,1.0222865343093872,0.0,1.0,0.9765136241912842,1.0148236751556396,0.9943104982376099,1.0454905033111572,1.0141514539718628,0.9298120737075806,1.0,0.0,1.0040947198867798,0.9093407988548279,1.0598773956298828,0.986053466796875,0.9170812368392944,1.033416748046875,0.9765136241912842,1.0040947198867798,0.0,1.0228228569030762,1.0147594213485718,1.207718849182129,1.0378018617630005,0.9584459066390991,1.0148236751556396,0.9093407988548279,1.0228228569030762,0.0
0.0,0.9750681519508362,0.8038120269775391,1.0597139596939087,0.9487509727478027,1.0194910764694214,0.9528580904006958,1.0283215045928955,0.9750681519508362,0.0,0.9618897438049316,3.3175249099731445,0.9652894139289856,1.0995807647705078,0.9703094363212585,1.2387315034866333,0.8038120269775391,0.9618897438049316,0.0,1.0406805276870728,0.9725409746170044,1.0085142850875854,1.0184906721115112,1.0143169164657593,1.0597139596939087,3.3175249099731445,1.0406805276870728,0.0,1.0194321870803833,0.9388010501861572,1.0374741554260254,0.8772597312927246,0.9487509727478027,0.9652894139289856,0.9725409746170044,1.0194321870803833,0.0,1.0,0.9452356696128845,1.0028125047683716,1.0194910764694214,1.0995807647705078,1.0085142850875854,0.9388010501861572,1.0,0.0,1.0095478296279907,0.9827989339828491,0.9528580904006958,0.9703094363212585,1.0184906721115112,1.0374741554260254,0.9452356696128845,1.0095478296279907,0.0,1.0148347616195679,1.0283215045928955,1.2387315034866333,1.0143169164657593,0.8772597312927246,1.0028125047683716,0.9827989339828491,1.0148347616195679,0.0
0.0,0.9264463782310486,0.9342184066772461,1.0087189674377441,1.0062328577041626,0.9976295232772827,1.0704632997512817,1.0034563541412354,0.9264463782310486,0.0,0.9270444512367249,3.203228712081909,0.9560928344726562,1.125964879989624,0.9573034048080444,1.3077315092086792,0.9342184066772461,0.9270444512367249,0.0,1.0031778812408447,1.0180531740188599,0.9944022297859192,1.130458950996399,0.9991374015808105,1.0087189674377441,3.203228712081909,1.0031778812408447,0.0,1.0078165531158447,0.9753831028938293,1.0215697288513184,0.9781323075294495,1.0062328577041626,0.9560928344726562,1.0180531740188599,1.0078165531158447,0.0,1.0,0.9512568116188049,1.004346489906311,0.9976295232772827,1.125964879989624,0.9944022297859192,0.9753831028938293,1.0,0.0,1.0084980726242065,0.9734176397323608,1.0704632997512817,0.9573034048080444,1.130458950996399,1.0215697288513184,0.9512568116188049,1.0084980726242065,0.0,1.0154317617416382,1.0034563541412354,1.3077315092086792,0.9991374015808105,0.9781323075294495,1.004346489906311,0.9734176397323608,1.0154317617416382,0.0
0.0,1.0262103080749512,1.8270643949508667,0.9543458223342896,1.0673465728759766,0.9743866324424744,1.1041547060012817,0.9819240570068359,1.0262103080749512,0.0,1.0878372192382812,0.9625406861305237,1.041495442390442,0.8809542059898376,1.0429106950759888,0.8069440722465515,1.8270643949508667,1.0878372192382812,0.0,1.019256591796875,0.9426480531692505,1.0177831649780273,0.7858206629753113,1.0346428155899048,0.9543458223342896,0.9625406861305237,1.019256591796875,0.0,0.9953672885894775,1.0145899057388306,0.985525369644165,1.1146315336227417,1.0673465728759766,1.041495442390442,0.9426480531692505,0.9953672885894775,0.0,1.0,1.0358418226242065,1.0093090534210205,0.9743866324424744,0.8809542059898376,1.0177831649780273,1.0145899057388306,1.0,0.0,0.9937512278556824,0.9430670738220215,1.1041547060012817,1.0429106950759888,0.7858206629753113,0.985525369644165,1.0358418226242065,0.9937512278556824,0.0,1.0037689208984375,0.9819240570068359,0.8069440722465515,1.0346428155899048,1.1146315336227417,1.0093090534210205,0.9430670738220215,1.0037689208984375,0.0
0.0,1.0017937421798706,0.30165475606918335,1.1197677850723267,0.9069775342941284,1.0353784561157227,0.807934045791626,1.030566930770874,1.0017937421798706,0.0,0.9479169845581055,4.266565322875977,0.9665626287460327,1.0959281921386719,0.9602574110031128,1.1442530155181885,0.30165475606918335,0.9479169845581055,0.0,1.0589184761047363,1.0063339471817017,0.9980360269546509,1.0308747291564941,0.9850983023643494,1.1197677850723267,4.266565322875977,1.0589184761047363,0.0,1.0425207614898682,0.8660872578620911,1.0548661947250366,0.6013285517692566,0.9069775342941284,0.9665626287460327,1.0063339471817017,1.0425207614898682,0.0,1.0,0.9917507767677307,0.9909462332725525,1.0353784561157227,1.0959281921386719,0.9980360269546509,0.8660872578620911,1.0,0.0,1.0014382600784302,1.0553715229034424,0.807934045791626,0.9602574110031128,1.0308747291564941,1.0548661947250366,0.9917507767677307,1.0014382600784302,0.0,0.9907782077789307,1.030566930770874,1.1442530155181885,0.9850983023643494,0.6013285517692566,0.9909462332725525,1.0553715229034424,0.9907782077789307,0.0
0.0,1.0067025423049927,1.601914644241333,1.112912893295288,0.8544156551361084,1.0553689002990723,0.9406424760818481,1.0604851245880127,1.0067025423049927,0.0,1.0525050163269043,3.945927858352661,0.9501169919967651,1.14310884475708,0.9925485849380493,1.2729860544204712,1.601914644241333,1.0525050163269043,0.0,1.1492836475372314,0.7317227125167847,1.0831849575042725,0.6494505405426025,1.0942587852478027,1.112912893295288,3.945927858352661,1.1492836475372314,0.0,1.0190733671188354,0.9399312734603882,1.0770584344863892,0.8082005381584167,0.8544156551361084,0.9501169919967651,0.7317227125167847,1.0190733671188354,0.0,1.0,0.7806124687194824,0.9944227337837219,1.0553689002990723,1.14310884475708,1.0831849575042725,0.9399312734603882,1.0,0.0,1.038248896598816,1.0341098308563232,0.9406424760818481,0.9925485849380493,0.6494505405426025,1.0770584344863892,0.7806124687194824,1.038248896598816,0.0,1.039067029953003,1.0604851245880127,1.2729860544204712,1.0942587852478027,0.8082005381584167,0.9944227337837219,1.0341098308563232,1.039067029953003,0.0
0.0,0.9693407416343689,1.261651635169983,0.9928247928619385,0.988508403301239,1.0043704509735107,0.8966889977455139,0.9846192598342896,0.9693407416343689,0.0,0.9918344616889954,1.6192302703857422,0.9764629006385803,1.0675253868103027,0.9537743926048279,1.0449864864349365,1.261651635169983,0.9918344616889954,0.0,1.012819528579712,0.9436752200126648,1.0174646377563477,0.735977292060852,1.0019001960754395,0.9928247928619385,1.6192302703857422,1.012819528579712,0.0,0.9912578463554382,1.0275321006774902,0.9728161692619324,0.9451339244842529,0.988508403301239,0.9764629006385803,0.9436752200126648,0.9912578463554382,0.0,1.0,1.0670983791351318,0.9858660697937012,1.0043704509735107,1.0675253868103027,1.0174646377563477,1.0275321006774902,1.0,0.0,0.9883018136024475,1.0864410400390625,0.8966889977455139,0.9537743926048279,0.735977292060852,0.9728161692619324,1.0670983791351318,0.9883018136024475,0.0,0.9689044952392578,0.9846192598342896,1.0449864864349365,1.0019001960754395,0.9451339244842529,0.9858660697937012,1.0864410400390625,0.9689044952392578,0.0
0.0,0.9715551137924194,0.5473586916923523,1.1527961492538452,0.873640775680542,1.0480570793151855,0.7681809067726135,1.0300533771514893,0.9715551137924194,0.0,0.8546724915504456,5.987152576446533,0.9351728558540344,1.1859819889068604,0.9279802441596985,1.2611867189407349,0.5473586916923523,0.8546724915504456,0.0,1.026342749595642,1.106880784034729,0.9668594002723694,1.347480297088623,0.9316564798355103,1.1527961492538452,5.987152576446533,1.026342749595642,0.0,1.0514572858810425,0.8379429578781128,1.0727466344833374,0.43941032886505127,0.873640775680542,0.9351728558540344,1.106880784034729,1.0514572858810425,0.0,1.0,0.963905930519104,0.979910135269165,1.0480570793151855,1.1859819889068604,0.9668594002723694,0.8379429578781128,1.0,0.0,1.0062928199768066,1.1228665113449097,0.7681809067726135,0.9279802441596985,1.347480297088623,1.0727466344833374,0.963905930519104,1.0062928199768066,0.0,0.9832518696784973,1.0300533771514893,1.2611867189407349,0.9316564798355103,0.43941032886505127,0.979910135269165,1.1228665113449097,0.9832518696784973,0.0
0.0,0.9558829665184021,2.360642433166504,0.8510716557502747,1.1258305311203003,0.9521439671516418,1.346183180809021,0.9593165516853333,0.9558829665184021,0.0,1.0639811754226685,1.944627046585083,1.0190306901931763,0.945402979850769,1.039508581161499,0.9728829860687256,2.360642433166504,1.0639811754226685,0.0,0.9633498787879944,0.923150897026062,1.0238286256790161,0.8994648456573486,1.0467294454574585,0.8510716557502747,1.944627046585083,0.9633498787879944,0.0,0.950814425945282,1.1549025774002075,0.9541186094284058,1.48019540309906,1.1258305311203003,1.0190306901931763,0.923150897026062,0.950814425945282,0.0,1.0,0.9372262358665466,1.0126980543136597,0.9521439671516418,0.945402979850769,1.0238286256790161,1.1549025774002075,1.0,0.0,1.0109442472457886,0.922340452671051,1.346183180809021,1.039508581161499,0.8994648456573486,0.9541186094284058,0.9372262358665466,1.0109442472457886,0.0,1.0284568071365356,0.9593165516853333,0.9728829860687256,1.0467294454574585,1.48019540309906,1.0126980543136597,0.922340452671051,1.0284568071365356,0.0
0.0,1.12544846534729,2.8572797775268555,1.4888291358947754,0.0867871344089508,1.325156331062317,0.31451427936553955,1.322130799293518,1.12544846534729,0.0,0.8189718127250671,11.181513786315918,0.7395108938217163,1.6852079629898071,0.9516979455947876,2.099245071411133,2.8572797775268555,0.8189718127250671,0.0,1.1655761003494263,0.570020318031311,1.1122937202453613,1.7112175226211548,1.0614246129989624,1.4888291358947754,11.181513786315918,1.1655761003494263,0.0,0.9798607230186462,0.9968165159225464,1.2444205284118652,0.5199714303016663,0.0867871344089508,0.7395108938217163,0.570020318031311,0.9798607230186462,0.0,0.9839470982551575,0.10812900960445404,0.926100492477417,1.325156331062317,1.6852079629898071,1.1122937202453613,0.9968165159225464,0.9839470982551575,0.0,1.1743439435958862,1.3377281427383423,0.31451427936553955,0.9516979455947876,1.7112175226211548,1.2444205284118652,0.10812900960445404,1.1743439435958862,0.0,1.142050862312317,1.322130799293518,2.099245071411133,1.0614246129989624,0.5199714303016663,0.926100492477417,1.3377281427383423,1.142050862312317,0.0
0.0,1.0250937938690186,1.038757562637329,1.0348727703094482,0.978900671005249,1.0080245733261108,0.9766867756843567,1.0097036361694336,1.0250937938690186,0.0,1.0261452198028564,1.2957123517990112,1.0079296827316284,0.9772505164146423,1.0147221088409424,0.948895275592804,1.038757562637329,1.0261452198028564,0.0,1.0351616144180298,0.9690759181976318,1.0095887184143066,0.949353814125061,1.0115159749984741,1.0348727703094482,1.2957123517990112,1.0351616144180298,0.0,1.0145537853240967,0.9541650414466858,1.0227625370025635,0.8885888457298279,0.978900671005249,1.0079296827316284,0.9690759181976318,1.0145537853240967,0.0,1.0,0.9807956218719482,0.9998286962509155,1.0080245733261108,0.9772505164146423,1.0095887184143066,0.9541650414466858,1.0,0.0,1.0033481121063232,1.0010474920272827,0.9766867756843567,1.0147221088409424,0.949353814125061,1.0227625370025635,0.9807956218719482,1.0033481121063232,0.0,1.0038028955459595,1.0097036361694336,0.948895275592804,1.0115159749984741,0.8885888457298279,0.9998286962509155,1.0010474920272827,1.0038028955459595,0.0
0.0,1.0534918308258057,0.16882917284965515,1.0333566665649414,0.9663195610046387,1.0128093957901,0.9775900840759277,1.0191519260406494,1.0534918308258057,0.0,0.9854158163070679,0.4962761104106903,1.0211011171340942,0.9394632577896118,1.0372291803359985,0.883470892906189,0.16882917284965515,0.9854158163070679,0.0,0.96905517578125,1.0972180366516113,0.969855546951294,1.3337289094924927,0.9661099314689636,1.0333566665649414,0.4962761104106903,0.96905517578125,0.0,1.0090209245681763,0.9715901017189026,1.0217499732971191,0.9507983922958374,0.9663195610046387,1.0211011171340942,1.0972180366516113,1.0090209245681763,0.0,1.0,0.9566729068756104,1.002214789390564,1.0128093957901,0.9394632577896118,0.969855546951294,0.9715901017189026,1.0,0.0,1.0075538158416748,0.9864547848701477,0.9775900840759277,1.0372291803359985,1.3337289094924927,1.0217499732971191,0.9566729068756104,1.0075538158416748,0.0,1.0117241144180298,1.0191519260406494,0.883470892906189,0.9661099314689636,0.9507983922958374,1.002214789390564,0.9864547848701477,1.0117241144180298,0.0
0.0,0.976331353187561,1.5078887939453125,0.9457394480705261,1.0733369588851929,0.9721083641052246,1.2145633697509766,0.9531902074813843,0.976331353187561,0.0,1.017235517501831,0.12974198162555695,1.0123759508132935,0.9644947648048401,1.0273748636245728,0.8617569208145142,1.5078887939453125,1.017235517501831,0.0,0.9875507950782776,1.002010464668274,0.9993765950202942,1.0853972434997559,0.9877915978431702,0.9457394480705261,0.12974198162555695,0.9875507950782776,0.0,0.9920598268508911,1.0250064134597778,1.0016894340515137,0.989043653011322,1.0733369588851929,1.0123759508132935,1.002010464668274,0.9920598268508911,0.0,1.0,0.9524584412574768,0.9917072653770447,0.9721083641052246,0.9644947648048401,0.9993765950202942,1.0250064134597778,1.0,0.0,1.0082886219024658,1.0507172346115112,1.2145633697509766,1.0273748636245728,1.0853972434997559,1.0016894340515137,0.9524584412574768,1.0082886219024658,0.0,0.9999024868011475,0.9531902074813843,0.8617569208145142,0.9877915978431702,0.989043653011322,0.9917072653770447,1.0507172346115112,0.9999024868011475,0.0
0.0,0.9383208155632019,2.0730888843536377,1.0754320621490479,0.9981639385223389,1.0006983280181885,1.0009088516235352,0.9932547211647034,0.9383208155632019,0.0,1.0256428718566895,4.732688903808594,0.9605568647384644,1.113158106803894,0.9517309069633484,1.210304856300354,2.0730888843536377,1.0256428718566895,0.0,1.1496354341506958,0.8217278718948364,1.0552769899368286,0.5287730693817139,1.0606133937835693,1.0754320621490479,4.732688903808594,1.1496354341506958,0.0,1.0473822355270386,0.8507767915725708,1.0599216222763062,0.5978137254714966,0.9981639385223389,0.9605568647384644,0.8217278718948364,1.0473822355270386,0.0,1.0,0.9958144426345825,0.9948285222053528,1.0006983280181885,1.113158106803894,1.0552769899368286,0.8507767915725708,1.0,0.0,1.0007296800613403,1.0316280126571655,1.0009088516235352,0.9517309069633484,0.5287730693817139,1.0599216222763062,0.9958144426345825,1.0007296800613403,0.0,0.9946226477622986,0.9932547211647034,1.210304856300354,1.0606133937835693,0.5978137254714966,0.9948285222053528,1.0316280126571655,0.9946226477622986,0.0
0.0,0.9751288890838623,1.3879013061523438,1.0264456272125244,0.9831992983818054,1.0063896179199219,1.0159385204315186,1.0046780109405518,0.9751288890838623,0.0,1.0068923234939575,2.3952503204345703,0.9781275987625122,1.0627495050430298,0.9838727116584778,1.1214298009872437,1.3879013061523438,1.0068923234939575,0.0,1.0533298254013062,0.9167723059654236,1.0258064270019531,0.8521442413330078,1.0285829305648804,1.0264456272125244,2.3952503204345703,1.0533298254013062,0.0,1.0107463598251343,0.9661559462547302,1.0242587327957153,0.8999310731887817,0.9831992983818054,0.9781275987625122,0.9167723059654236,1.0107463598251343,0.0,1.0,0.9551771283149719,0.9977922439575195,1.0063896179199219,1.0627495050430298,1.0258064270019531,0.9661559462547302,1.0,0.0,1.007814645767212,1.0135022401809692,1.0159385204315186,0.9838727116584778,0.8521442413330078,1.0242587327957153,0.9551771283149719,1.007814645767212,0.0,1.0066903829574585,1.0046780109405518,1.1214298009872437,1.0285829305648804,0.8999310731887817,0.9977922439575195,1.0135022401809692,1.0066903829574585,0.0
0.0,0.970304012298584,0.6663659811019897,1.0919544696807861,0.8504683375358582,1.0568701028823853,0.8330378532409668,1.091979742050171,0.970304012298584,0.0,0.8443599343299866,4.336813926696777,0.9257764220237732,1.2129393815994263,0.9408934116363525,1.5727342367172241,0.6663659811019897,0.8443599343299866,0.0,0.9611748456954956,1.0994384288787842,0.9691670536994934,1.4933021068572998,0.982296347618103,1.0919544696807861,4.336813926696777,0.9611748456954956,0.0,1.0042903423309326,0.9864883422851562,1.0380665063858032,1.0921010971069336,0.8504683375358582,0.9257764220237732,1.0994384288787842,1.0042903423309326,0.0,1.0,0.8653874397277832,1.0145552158355713,1.0568701028823853,1.2129393815994263,0.9691670536994934,0.9864883422851562,1.0,0.0,1.0234688520431519,0.9109823703765869,0.8330378532409668,0.9408934116363525,1.4933021068572998,1.0380665063858032,0.8653874397277832,1.0234688520431519,0.0,1.0457019805908203,1.091979742050171,1.5727342367172241,0.982296347618103,1.0921010971069336,1.0145552158355713,0.9109823703765869,1.0457019805908203,0.0
0.0,0.9835583567619324,1.652685284614563,0.9836170673370361,1.118457317352295,0.9549481272697449,1.1416231393814087,0.9759962558746338,0.9835583567619324,0.0,1.0350486040115356,0.9851827621459961,1.0336830615997314,0.9033669829368591,1.017425298690796,0.9461174011230469,1.652685284614563,1.0350486040115356,0.0,1.0333807468414307,1.030770182609558,0.9904590249061584,0.9165763854980469,1.0182071924209595,0.9836170673370361,0.9851827621459961,1.0333807468414307,0.0,1.0325666666030884,0.8974361419677734,1.0165026187896729,0.9393245577812195,1.118457317352295,1.0336830615997314,1.030770182609558,1.0325666666030884,0.0,1.0,1.0986292362213135,1.0216668844223022,0.9549481272697449,0.9033669829368591,0.9904590249061584,0.8974361419677734,1.0,0.0,0.9828045964241028,0.8674888014793396,1.1416231393814087,1.017425298690796,0.9165763854980469,1.0165026187896729,1.0986292362213135,0.9828045964241028,0.0,1.0055968761444092,0.9759962558746338,0.9461174011230469,1.0182071924209595,0.9393245577812195,1.0216668844223022,0.8674888014793396,1.0055968761444092,0.0
0.0,1.1592230796813965,0.053247056901454926,1.109512448310852,0.804966151714325,1.0741755962371826,0.6827458739280701,1.0839132070541382,1.1592230796813965,0.0,1.074116587638855,0.2164517194032669,1.0275911092758179,0.9208441972732544,1.0571331977844238,0.7863550782203674,0.053247056901454926,1.074116587638855,0.0,1.0309499502182007,0.9283518195152283,1.0222159624099731,0.9599463939666748,1.01962149143219,1.109512448310852,0.2164517194032669,1.0309499502182007,0.0,0.9989562034606934,1.0032871961593628,1.0206900835037231,0.9607285261154175,0.804966151714325,1.0275911092758179,0.9283518195152283,0.9989562034606934,0.0,1.0,0.9095768928527832,0.994487464427948,1.0741755962371826,0.9208441972732544,1.0222159624099731,1.0032871961593628,1.0,0.0,1.0157647132873535,1.0337138175964355,0.6827458739280701,1.0571331977844238,0.9599463939666748,1.0206900835037231,0.9095768928527832,1.0157647132873535,0.0,1.0122170448303223,1.0839132070541382,0.7863550782203674,1.01962149143219,0.9607285261154175,0.994487464427948,1.0337138175964355,1.0122170448303223,0.0
0.0,0.9846723079681396,0.5850964784622192,1.059025526046753,0.9172435402870178,1.0314741134643555,0.8416136503219604,1.026077151298523,0.9846723079681396,0.0,0.9539243578910828,3.0422966480255127,0.9596176743507385,1.1158525943756104,0.954020619392395,1.1896727085113525,0.5850964784622192,0.9539243578910828,0.0,1.0237758159637451,0.9717614650726318,1.0087559223175049,0.9545713067054749,0.9985693693161011,1.059025526046753,3.0422966480255127,1.0237758159637451,0.0,1.0075559616088867,0.9762037396430969,1.0137758255004883,0.8675284385681152,0.9172435402870178,0.9596176743507385,0.9717614650726318,1.0075559616088867,0.0,1.0,0.9819766283035278,0.9911869764328003,1.0314741134643555,1.1158525943756104,1.0087559223175049,0.9762037396430969,1.0,0.0,1.003142237663269,1.0538991689682007,0.8416136503219604,0.954020619392395,0.9545713067054749,1.0137758255004883,0.9819766283035278,1.003142237663269,0.0,0.9931101202964783,1.026077151298523,1.1896727085113525,0.9985693693161011,0.8675284385681152,0.9911869764328003,1.0538991689682007,0.9931101202964783,0.0
0.0,0.9937049150466919,1.5112223625183105,0.9310989379882812,1.0700114965438843,0.9733731150627136,1.1916306018829346,0.9856442213058472,0.9937049150466919,0.0,1.0335285663604736,0.7388293147087097,1.0220582485198975,0.93671715259552,1.0361124277114868,0.9537954330444336,1.5112223625183105,1.0335285663604736,0.0,0.9742471575737,0.997592031955719,1.0007466077804565,1.0508979558944702,1.0184290409088135,0.9310989379882812,0.7388293147087097,0.9742471575737,0.0,0.9815269112586975,1.0581783056259155,0.9853230714797974,1.2481181621551514,1.0700114965438843,1.0220582485198975,0.997592031955719,0.9815269112586975,0.0,1.0,0.965915322303772,1.0126909017562866,0.9733731150627136,0.93671715259552,1.0007466077804565,1.0581783056259155,1.0,0.0,1.005942463874817,0.9223842620849609,1.1916306018829346,1.0361124277114868,1.0508979558944702,0.9853230714797974,0.965915322303772,1.005942463874817,0.0,1.0224578380584717,0.9856442213058472,0.9537954330444336,1.0184290409088135,1.2481181621551514,1.0126909017562866,0.9223842620849609,1.0224578380584717,0.0
0.0,1.0396121740341187,0.20042210817337036,1.0092518329620361,0.9353049993515015,1.0246049165725708,0.8534936308860779,1.0219407081604004,1.0396121740341187,0.0,0.9750353097915649,0.1994291990995407,1.0008544921875,0.9975484013557434,0.9997344613075256,0.9521186351776123,0.20042210817337036,0.9750353097915649,0.0,0.9490929841995239,1.0559271574020386,0.9826586246490479,1.141074538230896,0.970695436000824,1.0092518329620361,0.1994291990995407,0.9490929841995239,0.0,0.9824076890945435,1.0554044246673584,0.9768340587615967,1.0830003023147583,0.9353049993515015,1.0008544921875,1.0559271574020386,0.9824076890945435,0.0,1.0,1.005328893661499,0.9941667914390564,1.0246049165725708,0.9975484013557434,0.9826586246490479,1.0554044246673584,1.0,0.0,0.999070942401886,1.0356751680374146,0.8534936308860779,0.9997344613075256,1.141074538230896,0.9768340587615967,1.005328893661499,0.999070942401886,0.0,0.9918360710144043,1.0219407081604004,0.9521186351776123,0.970695436000824,1.0830003023147583,0.9941667914390564,1.0356751680374146,0.9918360710144043,0.0
0.0,0.9915564060211182,0.5507062077522278,1.0650995969772339,0.9081633687019348,1.034927487373352,0.9841440320014954,1.031503438949585,0.9915564060211182,0.0,0.957632303237915,3.0267653465270996,0.9605698585510254,1.1131207942962646,0.9899682402610779,1.1893385648727417,0.5507062077522278,0.957632303237915,0.0,1.026840329170227,0.9668356776237488,1.010283350944519,1.1750088930130005,1.0015119314193726,1.0650995969772339,3.0267653465270996,1.026840329170227,0.0,1.0081287622451782,0.9743998050689697,1.048250436782837,0.8698369860649109,0.9081633687019348,0.9605698585510254,0.9668356776237488,1.0081287622451782,0.0,1.0,0.8431299924850464,0.9919626712799072,1.034927487373352,1.1131207942962646,1.010283350944519,0.9743998050689697,1.0,0.0,1.0273493528366089,1.0491551160812378,0.9841440320014954,0.9899682402610779,1.1750088930130005,1.048250436782837,0.8431299924850464,1.0273493528366089,0.0,1.0230393409729004,1.031503438949585,1.1893385648727417,1.0015119314193726,0.8698369860649109,0.9919626712799072,1.0491551160812378,1.0230393409729004,0.0
0.0,1.0627026557922363,0.7805718779563904,1.0123244524002075,0.9705533385276794,1.0111992359161377,0.9489709138870239,1.0253556966781616,1.0627026557922363,0.0,1.040992259979248,0.3314449191093445,1.028462529182434,0.9183440208435059,1.038334608078003,0.877793550491333,0.7805718779563904,1.040992259979248,0.0,0.9950873255729675,1.0017365217208862,0.9994615912437439,1.0231256484985352,1.0100864171981812,1.0123244524002075,0.3314449191093445,0.9950873255729675,0.0,0.9971607327461243,1.0089417695999146,0.9991388320922852,1.0880625247955322,0.9705533385276794,1.028462529182434,1.0017365217208862,0.9971607327461243,0.0,1.0,0.9890261292457581,1.0077869892120361,1.0111992359161377,0.9183440208435059,0.9994615912437439,1.0089417695999146,1.0,0.0,1.0019131898880005,0.9523758888244629,0.9489709138870239,1.038334608078003,1.0231256484985352,0.9991388320922852,0.9890261292457581,1.0019131898880005,0.0,1.0117043256759644,1.0253556966781616,0.877793550491333,1.0100864171981812,1.0880625247955322,1.0077869892120361,0.9523758888244629,1.0117043256759644,0.0
0.0,1.1453551054000854,0.889354944229126,1.193198800086975,0.8315569162368774,1.064062476158142,0.8291566967964172,1.1045360565185547,1.1453551054000854,0.0,1.1256555318832397,2.4693617820739746,1.0287564992904663,0.9175007939338684,1.0776065587997437,0.9432549476623535,0.889354944229126,1.1256555318832397,0.0,1.1705995798110962,0.8220700621604919,1.0551708936691284,0.8026483654975891,1.0911133289337158,1.193198800086975,2.4693617820739746,1.1705995798110962,0.0,1.0619157552719116,0.805005669593811,1.1174311637878418,0.6778872609138489,0.8315569162368774,1.0287564992904663,0.8220700621604919,1.0619157552719116,0.0,1.0,0.8336113095283508,1.0170235633850098,1.064062476158142,0.9175007939338684,1.0551708936691284,0.805005669593811,1.0,0.0,1.0290088653564453,0.8958866596221924,0.8291566967964172,1.0776065587997437,0.8026483654975891,1.1174311637878418,0.8336113095283508,1.0290088653564453,0.0,1.0553206205368042,1.1045360565185547,0.9432549476623535,1.0911133289337158,0.6778872609138489,1.0170235633850098,0.8958866596221924,1.0553206205368042,0.0
0.0,1.0027673244476318,1.0418035984039307,0.9348375201225281,1.0316879749298096,0.9879483580589294,0.944882869720459,0.9672890305519104,1.0027673244476318,0.0,1.0057711601257324,0.87709641456604,1.013513445854187,0.9612314701080322,0.9903649687767029,0.8271102905273438,1.0418035984039307,1.0057711601257324,0.0,0.9427934288978577,1.0300276279449463,0.9906892776489258,0.9022037386894226,0.9719371199607849,0.9348375201225281,0.87709641456604,0.9427934288978577,0.0,0.9699960947036743,1.0944926738739014,0.9369282722473145,1.1234469413757324,1.0316879749298096,1.013513445854187,1.0300276279449463,0.9699960947036743,0.0,1.0,1.1059861183166504,0.9879342317581177,0.9879483580589294,0.9612314701080322,0.9906892776489258,1.0944926738739014,1.0,0.0,0.9815219640731812,1.0737924575805664,0.944882869720459,0.9903649687767029,0.9022037386894226,0.9369282722473145,1.1059861183166504,0.9815219640731812,0.0,0.9632846117019653,0.9672890305519104,0.8271102905273438,0.9719371199607849,1.1234469413757324,0.9879342317581177,1.0737924575805664,0.9632846117019653,0.0
0.0,0.9771998524665833,1.2175822257995605,0.922004759311676,1.0709340572357178,0.9730222821235657,1.1027026176452637,0.9658701419830322,0.9771998524665833,0.0,0.9956976175308228,0.5502484440803528,1.0120288133621216,0.9654905200004578,1.0040900707244873,0.9211052656173706,1.2175822257995605,0.9956976175308228,0.0,0.943989098072052,1.0468634366989136,0.9854689836502075,1.0521153211593628,0.981571614742279,0.922004759311676,0.5502484440803528,0.943989098072052,0.0,0.9760689735412598,1.0753670930862427,0.9596132040023804,1.1769521236419678,1.0709340572357178,1.0120288133621216,1.0468634366989136,0.9760689735412598,0.0,1.0,1.0437426567077637,0.9995518326759338,0.9730222821235657,0.9654905200004578,0.9854689836502075,1.0753670930862427,1.0,0.0,0.9923737645149231,1.002740740776062,1.1027026176452637,1.0040900707244873,1.0521153211593628,0.9596132040023804,1.0437426567077637,0.9923737645149231,0.0,0.9903246760368347,0.9658701419830322,0.9211052656173706,0.981571614742279,1.1769521236419678,0.9995518326759338,1.002740740776062,0.9903246760368347,0.0
0.0,1.0110268592834473,0.3310140371322632,1.06943941116333,0.9185041189193726,1.0309946537017822,0.8967991471290588,1.0306599140167236,1.0110268592834473,0.0,0.9586989283561707,2.627514123916626,0.9766480326652527,1.066994309425354,0.9865524768829346,1.1082321405410767,0.3310140371322632,0.9586989283561707,0.0,1.014517068862915,1.0149335861206055,0.995369553565979,1.145943284034729,0.9870169162750244,1.06943941116333,2.627514123916626,1.014517068862915,0.0,1.0146470069885254,0.9538715481758118,1.033508062362671,0.8440513014793396,0.9185041189193726,0.9766480326652527,1.0149335861206055,1.0146470069885254,0.0,1.0,0.9370818734169006,0.9947046637535095,1.0309946537017822,1.066994309425354,0.995369553565979,0.9538715481758118,1.0,0.0,1.0109694004058838,1.0323854684829712,0.8967991471290588,0.9865524768829346,1.145943284034729,1.033508062362671,0.9370818734169006,1.0109694004058838,0.0,1.0067365169525146,1.0306599140167236,1.1082321405410767,0.9870169162750244,0.8440513014793396,0.9947046637535095,1.0323854684829712,1.0067365169525146,0.0
0.0,0.972665011882782,1.1496459245681763,0.9765051007270813,1.011042594909668,0.995800256729126,1.0697014331817627,0.9986141920089722,0.972665011882782,0.0,0.9862839579582214,1.0789333581924438,0.9869250655174255,1.037510633468628,0.9934560060501099,1.1011422872543335,1.1496459245681763,0.9862839579582214,0.0,0.9893828630447388,0.9882925152778625,1.0036301612854004,1.0344977378845215,1.0080353021621704,0.9765051007270813,1.0789333581924438,0.9893828630447388,0.0,0.9890428781509399,1.0345078706741333,0.995901882648468,1.105004072189331,1.011042594909668,0.9869250655174255,0.9882925152778625,0.9890428781509399,0.0,1.0,0.960835337638855,1.002598524093628,0.995800256729126,1.037510633468628,1.0036301612854004,1.0345078706741333,1.0,0.0,1.0068280696868896,0.9841079115867615,1.0697014331817627,0.9934560060501099,1.0344977378845215,0.995901882648468,0.960835337638855,1.0068280696868896,0.0,1.0113188028335571,0.9986141920089722,1.1011422872543335,1.0080353021621704,1.105004072189331,1.002598524093628,0.9841079115867615,1.0113188028335571,0.0
0.0,1.0873992443084717,0.003574753412976861,1.044419765472412,0.9035857915878296,1.0366684198379517,0.8160592317581177,1.0481314659118652,1.0873992443084717,0.0,1.00344717502594,0.10199791193008423,1.019099235534668,0.9452062249183655,1.0292619466781616,0.8929800987243652,0.003574753412976861,1.00344717502594,0.0,0.9664725065231323,1.0524852275848389,0.9837258458137512,1.1769860982894897,0.9825273752212524,1.044419765472412,0.10199791193008423,0.9664725065231323,0.0,0.9932942986488342,1.0211185216903687,0.9968913793563843,1.0659922361373901,0.9035857915878296,1.019099235534668,1.0524852275848389,0.9932942986488342,0.0,1.0,0.9785014986991882,1.001792550086975,1.0366684198379517,0.9452062249183655,0.9837258458137512,1.0211185216903687,1.0,0.0,1.0037481784820557,0.9890369176864624,0.8160592317581177,1.0292619466781616,1.1769860982894897,0.9968913793563843,0.9785014986991882,1.0037481784820557,0.0,1.0066558122634888,1.0481314659118652,0.8929800987243652,0.9825273752212524,1.0659922361373901,1.001792550086975,0.9890369176864624,1.0066558122634888,0.0
0.0,1.023563265800476,0.9427662491798401,1.017069935798645,0.9804673790931702,1.0074286460876465,0.9500638246536255,0.9955415725708008,1.023563265800476,0.0,1.0173457860946655,0.8438681364059448,1.0075500011444092,0.9783397316932678,1.0078153610229492,0.8848246932029724,0.9427662491798401,1.0173457860946655,0.0,1.0115433931350708,0.986655592918396,1.0041377544403076,0.9532773494720459,0.9922495484352112,1.017069935798645,0.8438681364059448,1.0115433931350708,0.0,1.0037825107574463,0.9880876541137695,1.0031239986419678,0.8919464945793152,0.9804673790931702,1.0075500011444092,0.986655592918396,1.0037825107574463,0.0,1.0,1.0064903497695923,0.9907090663909912,1.0074286460876465,0.9783397316932678,1.0041377544403076,0.9880876541137695,1.0,0.0,0.998868465423584,1.0568219423294067,0.9500638246536255,1.0078153610229492,0.9532773494720459,1.0031239986419678,1.0064903497695923,0.998868465423584,0.0,0.9874138832092285,0.9955415725708008,0.8848246932029724,0.9922495484352112,0.8919464945793152,0.9907090663909912,1.0568219423294067,0.9874138832092285,0.0
0.0,0.9765090942382812,0.006096845958381891,1.1022313833236694,0.9030817151069641,1.0368601083755493,0.8875742554664612,1.031882643699646,0.9765090942382812,0.0,0.9008961915969849,4.45570182800293,0.9492255449295044,1.1456663608551025,0.9574539661407471,1.2506695985794067,0.006096845958381891,0.9008961915969849,0.0,1.01979660987854,1.0523124933242798,0.9837794303894043,1.2811033725738525,0.9671347737312317,1.1022313833236694,4.45570182800293,1.01979660987854,0.0,1.0299361944198608,0.9057204127311707,1.057555079460144,0.693361222743988,0.9030817151069641,0.9492255449295044,1.0523124933242798,1.0299361944198608,0.0,1.0,0.9163548946380615,0.9905912280082703,1.0368601083755493,1.1456663608551025,0.9837794303894043,0.9057204127311707,1.0,0.0,1.0145829916000366,1.0575426816940308,0.8875742554664612,0.9574539661407471,1.2811033725738525,1.057555079460144,0.9163548946380615,1.0145829916000366,0.0,1.0060919523239136,1.031882643699646,1.2506695985794067,0.9671347737312317,0.693361222743988,0.9905912280082703,1.0575426816940308,1.0060919523239136,0.0
0.0,0.8972322940826416,2.469536304473877,0.9067124128341675,1.1617144346237183,0.9384965300559998,1.2849940061569214,0.9149017930030823,0.8972322940826416,0.0,1.0182232856750488,1.1595828533172607,0.9955064654350281,1.0128915309906006,0.9803139567375183,0.9847159385681152,2.469536304473877,1.0182232856750488,0.0,1.0229514837265015,0.9470511078834534,1.0164178609848022,0.7633793950080872,1.0118778944015503,0.9067124128341675,1.1595828533172607,1.0229514837265015,0.0,0.9992830753326416,1.0022578239440918,0.9854437112808228,0.9543091654777527,1.1617144346237183,0.9955064654350281,0.9470511078834534,0.9992830753326416,0.0,1.0,1.056196928024292,0.994025707244873,0.9384965300559998,1.0128915309906006,1.0164178609848022,1.0022578239440918,1.0,0.0,0.9902024269104004,1.0365378856658936,1.2849940061569214,0.9803139567375183,0.7633793950080872,0.9854437112808228,1.056196928024292,0.9902024269104004,0.0,0.9810441732406616,0.9149017930030823,0.9847159385681152,1.0118778944015503,0.9543091654777527,0.994025707244873,1.0365378856658936,0.9810441732406616,0.0
0.0,0.96474289894104,0.8721662759780884,1.0221750736236572,0.9988008737564087,1.0004560947418213,0.9832448959350586,0.9703894853591919,0.96474289894104,0.0,0.9576189517974854,2.5541000366210938,0.9773978590965271,1.0648430585861206,0.9687070846557617,0.9926999807357788,0.8721662759780884,0.9576189517974854,0.0,1.0110177993774414,1.019586443901062,0.9939268231391907,1.0321584939956665,0.9642624855041504,1.0221750736236572,2.5541000366210938,1.0110177993774414,0.0,1.0136897563934326,0.9568861126899719,1.0140725374221802,0.7211953997612,0.9988008737564087,0.9773978590965271,1.019586443901062,1.0136897563934326,0.0,1.0,1.0121155977249146,0.9794977307319641,1.0004560947418213,1.0648430585861206,0.9939268231391907,0.9568861126899719,1.0,0.0,0.9978877305984497,1.1253888607025146,0.9832448959350586,0.9687070846557617,1.0321584939956665,1.0140725374221802,1.0121155977249146,0.9978877305984497,0.0,0.9726870059967041,0.9703894853591919,0.9926999807357788,0.9642624855041504,0.7211953997612,0.9794977307319641,1.1253888607025146,0.9726870059967041,0.0
0.0,0.924963653087616,0.8547827005386353,0.9410359263420105,1.0384377241134644,0.9853813052177429,1.0545411109924316,0.9845051765441895,0.924963653087616,0.0,0.9195631146430969,1.369742751121521,0.9671274423599243,1.094307780265808,0.9527268409729004,1.219760775566101,0.8547827005386353,0.9195631146430969,0.0,0.9346206188201904,1.068582534790039,0.97873455286026,1.1425050497055054,0.9764132499694824,0.9410359263420105,1.369742751121521,0.9346206188201904,0.0,0.9763947129249573,1.0743414163589478,0.9646596312522888,1.1936811208724976,1.0384377241134644,0.9671274423599243,1.068582534790039,0.9763947129249573,0.0,1.0,1.024654507637024,1.0017950534820557,0.9853813052177429,1.094307780265808,0.97873455286026,1.0743414163589478,1.0,0.0,0.9957016110420227,0.9890216588973999,1.0545411109924316,0.9527268409729004,1.1425050497055054,0.9646596312522888,1.024654507637024,0.9957016110420227,0.0,0.9970219135284424,0.9845051765441895,1.219760775566101,0.9764132499694824,1.1936811208724976,1.0017950534820557,0.9890216588973999,0.9970219135284424,0.0
0.0,0.9860216975212097,0.17488566040992737,1.0921025276184082,0.921040952205658,1.0300297737121582,0.8766566514968872,1.0242812633514404,0.9860216975212097,0.0,0.9236035943031311,3.921663284301758,0.9618766903877258,1.1093716621398926,0.9625891447067261,1.175449252128601,0.17488566040992737,0.9236035943031311,0.0,1.0238821506500244,1.0435134172439575,0.986507773399353,1.1856822967529297,0.9712970852851868,1.0921025276184082,3.921663284301758,1.0238821506500244,0.0,1.0300037860870361,0.9055074453353882,1.0472620725631714,0.6979228258132935,0.921040952205658,0.9618766903877258,1.0435134172439575,1.0300037860870361,0.0,1.0,0.9590303897857666,0.9911841750144958,1.0300297737121582,1.1093716621398926,0.986507773399353,0.9055074453353882,1.0,0.0,1.0071427822113037,1.0539162158966064,0.8766566514968872,0.9625891447067261,1.1856822967529297,1.0472620725631714,0.9590303897857666,1.0071427822113037,0.0,0.9978979825973511,1.0242812633514404,1.175449252128601,0.9712970852851868,0.6979228258132935,0.9911841750144958,1.0539162158966064,0.9978979825973511,0.0
0.0,0.9492151141166687,1.584082841873169,0.9310225248336792,1.0588464736938477,0.9776194095611572,1.097833275794983,0.9762744903564453,0.9492151141166687,0.0,0.9980691075325012,0.44575923681259155,0.9899510741233826,1.0288292169570923,0.9810580015182495,1.0831891298294067,1.584082841873169,0.9980691075325012,0.0,0.9795955419540405,0.9726352691650391,1.008484959602356,0.883712649345398,1.0141887664794922,0.9310225248336792,0.44575923681259155,0.9795955419540405,0.0,0.9774250984191895,1.0710963010787964,0.9657406210899353,1.1940288543701172,1.0588464736938477,0.9899510741233826,0.9726352691650391,0.9774250984191895,0.0,1.0,1.0254769325256348,1.0027456283569336,0.9776194095611572,1.0288292169570923,1.008484959602356,1.0710963010787964,1.0,0.0,0.9955582618713379,0.9832078218460083,1.097833275794983,0.9810580015182495,0.883712649345398,0.9657406210899353,1.0254769325256348,0.9955582618713379,0.0,0.9979993104934692,0.9762744903564453,1.0831891298294067,1.0141887664794922,1.1940288543701172,1.0027456283569336,0.9832078218460083,0.9979993104934692,0.0
0.0,0.9852696061134338,2.641416072845459,0.8798256516456604,1.1720162630081177,0.934578537940979,1.3059425354003906,0.9432370066642761,0.9852696061134338,0.0,1.1127123832702637,1.9327481985092163,1.0546594858169556,0.8431879878044128,1.0539768934249878,0.7771615386009216,2.641416072845459,1.1127123832702637,0.0,1.0108485221862793,0.9308319687843323,1.021446943283081,0.7178651690483093,1.049167275428772,0.8798256516456604,1.9327481985092163,1.0108485221862793,0.0,0.9858964681625366,1.044416904449463,0.968512773513794,1.2483751773834229,1.1720162630081177,1.0546594858169556,0.9308319687843323,0.9858964681625366,0.0,1.0,1.0573861598968506,1.0165797472000122,0.934578537940979,0.8431879878044128,1.021446943283081,1.044416904449463,1.0,0.0,0.9899950623512268,0.8986005783081055,1.3059425354003906,1.0539768934249878,0.7178651690483093,0.968512773513794,1.0573861598968506,0.9899950623512268,0.0,1.0080592632293701,0.9432370066642761,0.7771615386009216,1.049167275428772,1.2483751773834229,1.0165797472000122,0.8986005783081055,1.0080592632293701,0.0
